0 204 1.96
0 415 0.97021
0 332 0.68
0 334 0.66
0 300 1.0
0 59 0.59
0 376 0.24
0 202 1.98
0 345 0.55
0 198 1.98
0 170 1.7
0 218 1.82
0 443 1.23298
0 297 1.03
0 200 2.0
0 147 1.47
0 421 1.02679
0 537 1.43688
0 183 1.83
0 420 1.01737
0 496 1.7191
0 451 1.30742
0 347 0.53
0 380 0.2
0 102 1.02
0 298 1.02
0 463 1.41845
0 185 1.85
0 498 1.73706
0 78 0.78
0 216 1.84
0 530 1.50118
0 595 0.89459
0 197 1.97
0 151 1.51
0 476 1.53779
0 187 1.87
0 19 0.19
0 417 0.98909
0 531 1.49201
0 188 1.88
0 275 1.25
0 58 0.58
0 48 0.48
0 84 0.84
0 144 1.44
0 348 0.52
0 139 1.39
0 382 0.18
0 76 0.76
0 317 0.83
0 25 0.25
0 323 0.77
0 255 1.45
0 4 0.04
0 439 1.19565
0 292 1.08
0 264 1.36
0 166 1.66
0 259 1.41
0 169 1.69
0 434 1.14888
0 120 1.2
0 96 0.96
0 235 1.65
0 391 0.09
0 137 1.37
0 577 1.06443
0 210 1.9
0 458 1.37228
0 3 0.03
0 104 1.04
0 322 0.78
0 122 1.22
0 455 1.34452
0 28 0.28
0 529 1.51034
0 566 1.1676
0 232 1.68
0 313 0.87
0 224 1.76
0 155 1.55
0 66 0.66
0 578 1.05502
0 597 0.87564
0 354 0.46
0 545 1.36303
0 563 1.19565
0 153 1.53
0 291 1.09
0 92 0.92
0 152 1.52
0 9 0.09
0 18 0.18
0 400 0.0
0 68 0.68
0 590 0.94188
0 43 0.43
0 121 1.21
0 263 1.37
0 558 1.2423
0 381 0.19
0 270 1.3
0 363 0.37
0 520 1.59249
0 469 1.47366
0 45 0.45
0 342 0.58
0 133 1.33
0 585 0.98909
0 299 1.01
0 149 1.49
0 100 1.0
0 272 1.28
0 584 0.99852
0 405 0.87564
0 80 0.8
0 106 1.06
0 243 1.57
0 519 1.60158
0 438 1.1863
0 586 0.97965
0 287 1.13
0 103 1.03
0 390 0.1
0 87 0.87
0 325 0.75
0 171 1.71
0 118 1.18
0 62 0.62
0 314 0.86
0 397 0.03
0 163 1.63
0 567 1.15824
0 44 0.44
0 265 1.35
0 525 1.54692
0 273 1.27
0 467 1.45528
0 465 1.43688
0 88 0.88
0 489 1.65599
0 161 1.61
0 241 1.59
0 50 0.5
0 42 0.42
0 440 1.20499
0 576 1.07383
0 53 0.53
0 375 0.25
0 407 0.89459
0 450 1.29813
0 246 1.54
0 20 0.2
0 181 1.81
0 184 1.84
0 64 0.64
0 485 1.61975
0 203 1.97
0 290 1.1
0 236 1.64
0 404 0.86617
0 311 0.89
0 484 1.61067
0 359 0.41
0 349 0.51
0 356 0.44
0 281 1.19
0 559 1.23298
0 17 0.17
0 387 0.13
0 500 1.75498
0 374 0.26
0 52 0.52
0 370 0.3
0 143 1.43
0 518 1.61067
0 428 1.09261
0 36 0.36
0 601 0.83772
0 274 1.26
0 482 1.59249
0 26 0.26
0 252 1.48
0 582 1.01737
0 442 1.22365
0 168 1.68
0 423 1.04561
0 231 1.69
0 383 0.17
0 474 1.5195
0 89 0.89
0 402 0.84721
0 449 1.28884
0 288 1.12
0 136 1.36
0 119 1.19
0 495 1.71011
0 445 1.25162
0 93 0.93
0 369 0.31
0 394 0.06
0 23 0.23
0 466 1.44608
0 221 1.79
0 340 0.6
0 510 1.68308
0 5
